frame_kinematics_filter:
  order: 2
  num: [0.046132,0.092264,0.046132]
  den: [1.0,-1.3073,0.49181]

ft_sensor_filter:
  order: 2
  num: [0.0036217,0.0072434,0.0036217]
  den: [1.0,-1.8227,0.83718]