ft_sensor_calib:
  gain: [1.1148,1.1884,1.1945,1.2243,1.2692,1.2421]
  bias: [0.0379,-0.0623,-0.0755,-0.0027,-0.0034,-0.0036]
  offset: [ 2.08712, -1.05823, -10.9764, 0.184753, -0.170786, -0.0314436] 
  raw_mass: 0.555618