ft_sensor_calib:
  gain: [1.1148,1.1884,1.1945,1.2243,1.2692,1.2421]
  bias: [0.0379,-0.0623,-0.0755,-0.0027,-0.0034,-0.0036]
  offset: [2.22618,-1.02814,-11.2087,0.0239545,-0.109186,-0.0166879] 
  raw_mass: 0.566891