ft_sensor_calib:
  gain: [1.0,1.0,1.0,1.0,1.0,1.0]
  bias: [0.0,0.0,0.0,0.0,0.0,0.0]
  offset: [2.22618,-1.02814,-11.2087,0.0239545,-0.109186,-0.0166879] 
  raw_mass: 0.566891