ft_sensor_calib:
  gain: [1.1148,1.1884,1.1945,1.2243,1.2692,1.2421]
  bias: [0.0379,-0.0623,-0.0755,-0.0027,-0.0034,-0.0036]
  offset: [1.72041,-0.545403,-6.08826,0.118259,-0.106379,-0.0248007] 
  raw_mass: 0.568505