ft_sensor_calib:
  gain: [1.1148,1.1884,1.1945,1.2243,1.2692,1.2421]
  bias: [0.0379,-0.0623,-0.0755,-0.0027,-0.0034,-0.0036]
  offset: [2.58403,-0.927583,-10.6346,0.122785,-0.207889,-0.0339805] 
  raw_mass: 0.555261