kinematics:
  shoulder:
    x: 0
    y: 0
    z: 0.0897444994039218
    roll: -0
    pitch: 0
    yaw: -2.255298310969542e-06
  upper_arm:
    x: 0.0001855264368037769
    y: 0
    z: 0
    roll: 1.569655584946037
    pitch: 0
    yaw: 9.383802170334711e-05
  forearm:
    x: -0.4250655056664346
    y: 0
    z: 0
    roll: 0.0001967708616285979
    pitch: 0.001546445474054618
    yaw: 7.906027222963504e-06
  wrist_1:
    x: -0.3922887782988379
    y: -0.002890581993906711
    z: 0.1105602624469362
    roll: 0.02613889997661704
    pitch: 0.0002097600177600086
    yaw: 8.067327296487091e-05
  wrist_2:
    x: 2.845209728506086e-05
    y: -0.09480535683357214
    z: 6.952874885027429e-05
    roll: 1.570062942746705
    pitch: 0
    yaw: -5.252666069390064e-05
  wrist_3:
    x: 0.0001457355507558661
    y: 0.08236916918495717
    z: -4.197688751913987e-05
    roll: 1.570286707913214
    pitch: 3.141592653589793
    yaw: 3.141566063797368
  hash: calib_12549730185950899747