kinematics:
  shoulder:
    x: 0
    y: 0
    z: 0.08919082191614991
    roll: -0
    pitch: 0
    yaw: -1.989134471016948e-05
  upper_arm:
    x: 0.0002009634417558131
    y: 0
    z: 0
    roll: 1.570377256068166
    pitch: 0
    yaw: -1.988606480902146e-05
  forearm:
    x: -0.4249720498652775
    y: 0
    z: 0
    roll: 0.0004422069396124196
    pitch: 0.001112801256395432
    yaw: 5.717163352433053e-05
  wrist_1:
    x: -0.392119287452862
    y: 0.0009548866644102153
    z: 0.1105575540808132
    roll: 3.132955858671343
    pitch: -3.141102599651489
    yaw: 3.141545273389383
  wrist_2:
    x: -1.741266029741133e-05
    y: -0.09483368511434875
    z: 0.0001006210090259492
    roll: 1.569735301156741
    pitch: 0
    yaw: 1.060917852041111e-05
  wrist_3:
    x: 3.903369951926682e-05
    y: 0.08247181208110212
    z: 5.907174535111886e-05
    roll: 1.571512592555991
    pitch: 3.141592653589793
    yaw: 3.14157421472065
  hash: calib_18079890525754531965