kinematics:
  shoulder:
    x: 0
    y: 0
    z: 0.08952055003950804
    roll: -0
    pitch: 0
    yaw: 2.593261718004427e-05
  upper_arm:
    x: 0.0001093885356354528
    y: 0
    z: 0
    roll: 1.56995006336665
    pitch: 0
    yaw: -4.85580412055992e-05
  forearm:
    x: -0.4253719669627065
    y: 0
    z: 0
    roll: 3.141211331440728
    pitch: 3.139866564645565
    yaw: -3.141587106353187
  wrist_1:
    x: -0.3924036904597387
    y: 1.272040167423982e-05
    z: 0.1105106308498747
    roll: 3.141477547907016
    pitch: 3.140895363178215
    yaw: -3.141579399116942
  wrist_2:
    x: 0.0001029734106025466
    y: -0.09485819614728483
    z: 2.670123748424166e-05
    roll: 1.570514840978557
    pitch: 0
    yaw: -1.754428440502872e-06
  wrist_3:
    x: 9.540267460118325e-06
    y: 0.0825571160685621
    z: 3.944332376159021e-05
    roll: 1.571274096884729
    pitch: 3.141592653589793
    yaw: -3.141564362668949
  hash: calib_9580058733511067543