kinematics:
  shoulder:
    x: 0
    y: 0
    z: 0.1807886023111303
    roll: -0
    pitch: 0
    yaw: 1.616767851429432e-07
  upper_arm:
    x: -5.584161126935399e-05
    y: 0
    z: 0
    roll: 1.57112522022472
    pitch: 0
    yaw: -2.978867806410067e-06
  forearm:
    x: -0.6121912106311563
    y: 0
    z: 0
    roll: 3.141252285328607
    pitch: -3.140684371838
    yaw: -3.141591297018437
  wrist_1:
    x: -0.5712429365090436
    y: -0.0008047160530435732
    z: 0.1740524214151959
    roll: 0.004623379052819317
    pitch: 0.0005302305886452538
    yaw: -8.455583403342134e-06
  wrist_2:
    x: 4.058467434548635e-06
    y: -0.1197105489614115
    z: 0.0001927130562359256
    roll: 1.569186503003812
    pitch: 0
    yaw: -7.684682935653333e-07
  wrist_3:
    x: -6.867213585326879e-06
    y: 0.1157241579480027
    z: -1.651453330219983e-05
    roll: 1.570653620781883
    pitch: 3.141592653589793
    yaw: -3.14159247618661
  hash: calib_16061090893488015609